0
0
 846376960
0
 846376960
0
 846376960
0
 846376960
0
 846300160
0
 846300160
0
 846300160
0
 846300160
0
 846300160
0
 846300160
0
 846300160
0
 846300160
0
 846300160
0
 846300160
0
 846300160
0
 846300160
0
 846300160
0
 84630016dd 19 0
0
 846300160
0
 846300160
0
 846300160
0
 846300160
0
 846300160
0
 846300160
0
 846300160
0
 846300160
0
 846300160
0
 846300160
0
 846300160
0
 846300160
0
 846300160
0
 846300160
0
 846300160
0
 846300160
0
 846300160
0
 846300160
0
 84630016dd 19 0
0
 846300160
0
 8463001610
10
 8463001610
10
 846300160
0
 846300160
0
 8463001610
10
 8463001610
10
 846300160
0
 846300160
0
 846300160
0
 8463001610
10
 8463001610
10
 8463001610
10
 8463001610
10
 8463001610
10
 846300160
0
 846300160
0
 846300160
0
 84630016dd 19 0
0
 846300160
0
 8463001610
10
 8463001610
10
 846300160
0
 846300160
0
 8463001610
10
 8463001610
10
 846300160
0
 846300160
0
 846300160
0
 846300160
0
 846300160
0
 846300160
0
 846300160
0
 8463001610
10
 8463001610
10
 846300160
0
 846300160
0
 84630016dd 19 0
0
 846300160
0
 8463001610
10
 8463001610
10
 846300160
0
 846300160
0
 8463001610
10
 8463001610
10
 846300160
0
 846300160
0
 846300160
0
 846300160
0
 846300160
0
 846300160
0
 846300160
0
 8463001610
10
 8463001610
10
 846300160
0
 846300160
0
 84630016dd 19 0
0
 846300160
0
 8463001610
10
 8463001610
10
 8463001610
10
 8463001610
10
 8463001610
10
 8463001610
10
 846300160
0
 846300160
0
 846300160
0
 846300160
0
 8463001610
10
 8463001610
10
 8463001610
10
 8463001610
10
 846300160
0
 846300160
0
 846300160
0
 84630016dd 19 0
0
 846300160
0
 846300160
0
 8463001610
10
 8463001610
10
 8463001610
10
 8463001610
10
 8463001610
10
 846300160
0
 846300160
0
 846300160
0
 8463001610
10
 8463001610
10
 846300160
0
 846300160
0
 846300160
0
 846300160
0
 846300160
0
 846300160
0
 84630016dd 19 0
0
 846300160
0
 846300160
0
 846300160
0
 846300160
0
 846300160
0
 8463001610
10
 8463001610
10
 846300160
0
 846300160
0
 846300160
0
 8463001610
10
 8463001610
10
 846300160
0
 846300160
0
 846300160
0
 846300160
0
 846300160
0
 846300160
0
 84630016dd 19 0
0
 846300160
0
 846300160
0
 846300160
0
 846300160
0
 846300160
0
 8463001610
10
 8463001610
10
 846300160
0
 846300160
0
 846300160
0
 8463001610
10
 8463001610
10
 8463001610
10
 8463001610
10
 8463001610
10
 8463001610
10
 846300160
0
 846300160
0
 84630016dd 19 0
0
 846300160
0
 846300160
0
 846300160
0
 846300160
0
 846300160
0
 846300160
0
 846300160
0
 846300160
0
 846300160
0
 846300160
0
 846300160
0
 846300160
0
 846300160
0
 846300160
0
 846300160
0
 846300160
0
 846300160
0
 846300160
0
 84630016dd 19 0
0
 846300160
0
 846300160
0
 846300160
0
 846300160
0
 846300160
0
 846300160
0
 846300160
0
 846300160
0
 846300160
0
 846300160
0
 846300160
0
 846300160
0
 846300160
0
 846300160
0
 846300160
0
 846300160
0
 846300160
0
 846300160
0
 84630016dd 19 nap size y : 11 nap size x : 19
  16777215  84630016  84630016  84630016  84630016  84630016  84630016  84630016  84630016  84630016  84630016  84630016  84630016  84630016  84630016  84630016  84630016  84630016  84630016   h
        -8  84630016  84630016  84630016  84630016  84630016  84630016  84630016  84630016  84630016  84630016  84630016  84630016  84630016  84630016  84630016  84630016  84630016  84630016   h
        15  84630016  84630016  84630016  84630016  84630016  84630016  84630016  84630016  84630016  84630016  84630016  84630016  84630016  84630016  84630016  84630016  84630016  84630016   h
      1023  84630016  84630016  84630016  84630016  84630016  84630016  84630016  84630016  84630016  84630016  84630016  84630016  84630016  84630016  84630016  84630016  84630016  84630016   h
     65535  84630016  84630016  84630016  84630016  84630016  84630016  84630016  84630016  84630016  84630016  84630016  84630016  84630016  84630016  84630016  84630016  84630016  84630016   h
   4194303  84630016  84630016  84630016  84630016  84630016  84630016  84630016  84630016  84630016  84630016  84630016  84630016  84630016  84630016  84630016  84630016  84630016  84630016   h
        -2  84630016  84630016  84630016  84630016  84630016  84630016  84630016  84630016  84630016  84630016  84630016  84630016  84630016  84630016  84630016  84630016  84630016  84630016   h
         3  84630016  84630016  84630016  84630016  84630016  84630016  84630016  84630016  84630016  84630016  84630016  84630016  84630016  84630016  84630016  84630016  84630016  84630016   h
       255  84630016  84630016  84630016  84630016  84630016  84630016  84630016  84630016  84630016  84630016  84630016  84630016  84630016  84630016  84630016  84630016  84630016  84630016   h
     16383  84630016  84630016  84630016  84630016  84630016  84630016  84630016  84630016  84630016  84630016  84630016  84630016  84630016  84630016  84630016  84630016  84630016  84630016   h
   1048575  84630016  84630016  84630016  84630016  84630016  84630016  84630016  84630016  84630016  84630016  84630016  84630016  84630016  84630016  84630016  84630016  84630016  84630016   h
here
here1
here91
